    593 665 699     883 392
    593 665 699     883 392
    593 665 699     883 392
    593 665 699     883 392
    593 665 699     883 392
    593 665 699     883 392
    593 665 699     883 392
    593 665 699     883 392
    593 665 699     883 392
    593 665 699     883 392
495 593 665 699         392
495 593 665 699 789 883 392
495                 883 392
495             789     392
495     665         883 392
495 593         789 883 392
495     665 699     883 392
495 593 665 699         392
495 593 665 699 789 883 392
    593 665 699     883 392
    593 665 699     883 392
    593 665 699     883 392
    593 665 699     883 392
    593 665 699     883 392
    593 665 699     883 392
    593 665 699     883 392
    593 665 699     883 392
    593 665 699     883 392
    593 665 699     883 392
495 593 665 699         392
495 593 665 699 789 883 392
495 593         789     392
495         699     883 392
495 593             883 392
    593 665 699 789     392
495                     392


495 593 665 699         392
495 593 665 699 789 883 392
495 593         789     392
495         699     883 392
495 593             883 392
    593 665 699 789     392
495                     392


495 593 665 699         392
495 593 665 699 789 883 392
495 593         789     392
495         699     883 392
495 593             883 392
    593 665 699 789     392
495                     392